-5955362913414028094
-7998000407011114864
840580382214651223
4843094886210696001
-8261284207764460315
-6280317577364468982
-4710894625469745003
3220164897425125282
7386051450853182481
1374022267232761107
8023044393523058298
-473752856945753132
-1372598159497936225
-7818952699789414890
-917511461580292502
1272129284602578526
5008352636610315677
2919257609904016211
-6201162461742177346
-8592961465555534631
1314067735293845840
207643035740155485
-4631991577241857981
4766533380173507186
1051713430939806636
5704768192641039261
-2389260899615523144
2040403255702859372
7337715452010841822
-7700306721335762740
1502985391370372435
-4181543308752866660
-5274392517753834557
1394047654553021309
-4717652297010081731
7502094938689513963
5224073188721980526
2858430599138488209
-6865475409871361007
6745455062721240792
5392008739209182886
-8678728138794811968
-1084883771883413407
-4083439984151653901
2271517547673222757
-4234471962994136553
-829824152249624015
-1579714210740492189
-8128822443783083942
7000427715614040692
673735184021546618
