4602585290969916434
-2074630299625506678
-3491248985034067669
-2320044162385473849
-1258779445443292083
6698518721117340695
-2085247099039681805
3468829832139651848
-8324303875023668287
-4212402340859786908
-2766360119255316996
5393091076916324038
-7022250659422161860
-5662242134017658768
8116651015675055712
4371753433702864476
-8727973683926350143
-7135948872606431856
4593112034814615209
-6992136993508482122
6111476493786258950
853454670660038635
-6091523508830236070
3455860556485385430
6487950517308492021
8368043247660251133
-1920513398503835546
-3946921559603891629
-870633963417727698
4006646853634727444
529566021664034231
8847736971325093333
609931719869925764
1712580837453906134
3248757605914675112
2281818122468042906
-8182744159033808772
-4357558742264261703
-8529991494718198132
-2964647713012622860
1760883439497421521
6315986134214108554
-2540995293416191963
7637123907098203593
-4396535746451779085
-1340686644548176153
6258075469341577773
-3373976549270428910
1589039708790002307
-7140599672422899515
-1219666106489975599
-5630411265788259748
7094031103195182808
-6101467051406783766
7716575956517344560
-1400175154907440054
-2016933002542626435
-670352212470271373
-2539898881221013536
858368083217633296
8760800938650230704
1445132507044282448
2714935390177698666
-5956984634658958854
1453260296406186981
-118530616353869885
2681412287090983625
-3869784099409303069
1642218198239543362
-6405545364907621147
-7962183840310458385
2235880983596802494
-4548951960371449568
3735743467212395297
2349233119585410625
-3894147183090568175
7294670111409948560
3879531548385727415
-7867685883125580522
-6525434467240850827
-6915330573789686829
-5501716447692780486
7185009971000930875
-3782310919840084968
-709357118545268767
7956240526491780371
7172569891914398834
2999773963463687226
5259180118332981732
7425018500135931900
4534251221928195566
630885362385692851
5872804038677647034
5305092716168044165
513016555466952408
-852844545715689364
-1864954459853529994
1135004394747537554
2391342262124795854
8636307041204169185
