-8727973683926350143
-8529991494718198132
-8324303875023668287
-8182744159033808772
-7867685883125580522
-7140599672422899515
-7135948872606431856
-7022250659422161860
-6992136993508482122
-6915330573789686829
-6525434467240850827
-6405545364907621147
-6101467051406783766
-6091523508830236070
-5956984634658958854
-5662242134017658768
-5630411265788259748
-5501716447692780486
-4548951960371449568
-4396535746451779085
-4357558742264261703
-4212402340859786908
-3946921559603891629
-3894147183090568175
-3869784099409303069
-3782310919840084968
-3491248985034067669
-3373976549270428910
-2964647713012622860
-2766360119255316996
-2540995293416191963
-2539898881221013536
-2320044162385473849
-2085247099039681805
-2074630299625506678
-2016933002542626435
-1920513398503835546
-1400175154907440054
-1340686644548176153
-1258779445443292083
-1219666106489975599
-870633963417727698
-852844545715689364
-709357118545268767
-670352212470271373
-118530616353869885
529566021664034231
609931719869925764
630885362385692851
853454670660038635
858368083217633296
1445132507044282448
1453260296406186981
1589039708790002307
1642218198239543362
1712580837453906134
1760883439497421521
2235880983596802494
2281818122468042906
2349233119585410625
2681412287090983625
2714935390177698666
2999773963463687226
3248757605914675112
3455860556485385430
3468829832139651848
3735743467212395297
3879531548385727415
4006646853634727444
4371753433702864476
4534251221928195566
4593112034814615209
4602585290969916434
5259180118332981732
5393091076916324038
6111476493786258950
6258075469341577773
6315986134214108554
6487950517308492021
6698518721117340695
7094031103195182808
7637123907098203593
7716575956517344560
8116651015675055712
8368043247660251133
8847736971325093333
